--> PRENDO EL AIRE

Code      : 0xB21F48 (24 Bits)
Mesg Desc.: Power: On, Mode: 2 (Auto), Fan: 0 (Auto0), Temp: 24C, Zone Follow: Off, Sensor Temp: Off
uint16_t rawData[199] = {4384, 4398,  516, 1658,  544, 548,  518, 1662,  542, 1634,  516, 574,  544, 548,  542, 1636,  540, 554,  542, 546,  540, 1636,  540, 548,  520, 572,  544, 1632,  516, 1658,  544, 548,  544, 1640,  542, 548,  538, 552,  542, 550,  542, 1636,  518, 1660,  540, 1636,  542, 1634,  540, 1638,  544, 1628,  540, 1636,  542, 1632,  516, 576,  514, 574,  518, 574,  542, 548,  542, 552,  542, 546,  524, 1654,  540, 552,  540, 552,  540, 1634,  516, 576,  514, 576,  540, 554,  542, 1634,  540, 550,  540, 1640,  568, 1608,  542, 548,  542, 1640,  538, 1636,  516, 1660,  542, 5232,  4386, 4378,  540, 1636,  538, 552,  540, 1640,  540, 1636,  538, 552,  538, 554,  538, 1636,  538, 556,  538, 552,  538, 1638,  538, 554,  538, 552,  540, 1636,  538, 1638,  536, 554,  538, 1644,  538, 552,  536, 552,  538, 554,  536, 1644,  536, 1638,  538, 1638,  536, 1640,  536, 1642,  534, 1638,  534, 1642,  534, 1662,  514, 578,  512, 578,  512, 578,  514, 578,  512, 580,  514, 576,  512, 1662,  512, 578,  512, 580,  512, 1664,  512, 580,  510, 582,  486, 606,  510, 1668,  510, 580,  510, 1670,  510, 1666,  510, 580,  508, 1670,  510, 1666,  510, 1668,  510};  // COOLIX B21F48
uint64_t data = 0xB21F48;


--> CAMBIO TEMPERATURA A 25°C

Code      : 0xB21FC8 (24 Bits)
Mesg Desc.: Power: On, Mode: 2 (Auto), Fan: 0 (Auto0), Temp: 25C, Zone Follow: Off, Sensor Temp: Off
uint16_t rawData[199] = {4388, 4380,  542, 1638,  512, 578,  536, 1646,  538, 1638,  512, 578,  514, 578,  538, 1640,  512, 578,  540, 550,  514, 1662,  514, 578,  512, 576,  542, 1634,  514, 1662,  538, 552,  514, 1668,  540, 548,  514, 578,  512, 578,  538, 1642,  514, 1660,  514, 1664,  514, 1660,  514, 1664,  514, 1660,  540, 1638,  510, 1662,  514, 580,  538, 554,  536, 556,  510, 580,  536, 556,  538, 1640,  512, 1664,  512, 582,  510, 580,  534, 1640,  536, 552,  538, 554,  538, 558,  534, 554,  510, 602,  514, 1644,  534, 1640,  512, 602,  490, 1692,  512, 1642,  532, 1664,  514, 5258,  4356, 4408,  488, 1688,  512, 580,  488, 1692,  486, 1688,  486, 604,  510, 582,  510, 1664,  510, 584,  486, 602,  512, 1664,  486, 604,  486, 606,  486, 1690,  510, 1666,  510, 580,  486, 1696,  484, 604,  510, 580,  484, 608,  504, 1674,  484, 1690,  510, 1666,  484, 1692,  508, 1668,  484, 1688,  510, 1666,  510, 1666,  510, 582,  508, 584,  508, 582,  508, 584,  508, 586,  482, 1694,  508, 1666,  510, 582,  508, 584,  508, 1666,  510, 582,  510, 580,  508, 586,  508, 582,  506, 584,  508, 1672,  508, 1666,  508, 582,  492, 1686,  510, 1666,  508, 1670,  508};  // COOLIX B21FC8
uint64_t data = 0xB21FC8;


--> CAMBIO MODO A COOL

Code      : 0xB2BFC0 (24 Bits)
Mesg Desc.: Power: On, Mode: 0 (Cool), Fan: 5 (Auto), Temp: 25C, Zone Follow: Off, Sensor Temp: Off
uint16_t rawData[199] = {4386, 4370,  542, 1636,  542, 576,  516, 1638,  542, 1632,  542, 576,  514, 576,  518, 1634,  568, 550,  544, 546,  516, 1634,  542, 576,  514, 576,  516, 1636,  540, 1632,  542, 576,  516, 1640,  568, 1606,  540, 576,  514, 1638,  542, 1632,  544, 1634,  542, 1632,  542, 1636,  540, 1636,  568, 548,  516, 1638,  566, 550,  516, 576,  516, 576,  516, 576,  516, 576,  514, 578,  518, 1630,  542, 1634,  542, 576,  516, 576,  516, 576,  516, 576,  516, 576,  514, 578,  518, 570,  514, 576,  516, 1636,  540, 1634,  540, 1636,  540, 1636,  540, 1634,  540, 1636,  546, 5234,  4416, 4348,  514, 1660,  540, 578,  514, 1640,  538, 1636,  538, 578,  514, 578,  490, 1660,  516, 602,  546, 544,  488, 1662,  514, 578,  512, 578,  512, 1662,  516, 1658,  516, 578,  512, 1666,  550, 1624,  516, 574,  516, 1664,  538, 1636,  538, 1638,  538, 1636,  540, 1636,  540, 1636,  570, 520,  538, 1640,  540, 552,  538, 552,  540, 552,  538, 552,  538, 552,  538, 556,  540, 1632,  538, 1636,  540, 552,  538, 552,  540, 552,  538, 552,  538, 554,  536, 556,  540, 550,  536, 554,  538, 1638,  538, 1638,  538, 1640,  536, 1638,  536, 1638,  538, 1642,  534};  // COOLIX B2BFC0
uint64_t data = 0xB2BFC0;


--> APRIETO EL BOTON DE SWING

Code      : 0xB26BE0 (24 Bits)
Mesg Desc.: Power: On, Swing: Toggle
uint16_t rawData[199] = {4414, 4356,  542, 1634,  542, 574,  516, 1638,  542, 1634,  564, 552,  516, 576,  516, 1632,  544, 576,  524, 566,  516, 1632,  544, 576,  516, 574,  516, 1632,  544, 1632,  542, 574,  516, 1638,  568, 546,  518, 1638,  542, 1630,  546, 572,  518, 1634,  544, 572,  518, 1636,  542, 1634,  544, 1630,  542, 574,  518, 574,  516, 1632,  544, 574,  518, 1636,  542, 574,  516, 576,  518, 1628,  544, 1632,  542, 1632,  542, 574,  516, 574,  516, 576,  516, 574,  518, 576,  520, 568,  516, 574,  516, 576,  516, 1634,  540, 1634,  540, 1634,  540, 1634,  540, 1634,  572, 5200,  4418, 4346,  518, 1658,  516, 574,  516, 1662,  516, 1658,  516, 576,  516, 574,  516, 1660,  516, 576,  570, 520,  516, 1658,  516, 578,  514, 576,  514, 1662,  512, 1662,  514, 578,  514, 1668,  542, 546,  514, 1666,  512, 1662,  514, 578,  512, 1668,  512, 578,  512, 1668,  512, 1666,  540, 1634,  512, 580,  512, 580,  536, 1640,  536, 556,  534, 1664,  514, 578,  514, 578,  518, 1656,  514, 1662,  514, 1660,  514, 576,  514, 576,  514, 578,  514, 576,  514, 580,  516, 574,  514, 578,  514, 576,  514, 1662,  514, 1664,  512, 1664,  512, 1664,  512, 1666,  512};  // COOLIX B26BE0
uint64_t data = 0xB26BE0;

(manda un toggle swing, lo mismo pasa con el boton de led display y de turbo. si está prendido lo apagará y si está apagado lo prenderá)


--> CAMBIO FAN SPEED (LOW)

Code      : 0xB29FC0 (24 Bits)
Mesg Desc.: Power: On, Mode: 0 (Cool), Fan: 4 (Min), Temp: 25C, Zone Follow: Off, Sensor Temp: Off
uint16_t rawData[199] = {4360, 4390,  542, 1636,  566, 550,  542, 1612,  568, 1606,  544, 574,  516, 574,  516, 1634,  566, 552,  518, 570,  516, 1632,  568, 550,  518, 572,  540, 1610,  542, 1634,  566, 550,  518, 1638,  568, 1606,  542, 574,  516, 574,  518, 1632,  542, 1632,  542, 1636,  542, 1632,  544, 1634,  544, 572,  516, 1636,  544, 1632,  542, 574,  518, 572,  518, 574,  518, 574,  516, 576,  518, 1634,  544, 1632,  544, 574,  518, 574,  518, 574,  516, 574,  516, 574,  516, 576,  518, 570,  518, 574,  518, 1630,  544, 1632,  544, 1632,  544, 1632,  542, 1632,  542, 1632,  544, 5234,  4392, 4370,  542, 1634,  542, 574,  516, 1638,  542, 1634,  542, 554,  538, 552,  538, 1634,  542, 554,  570, 518,  538, 1636,  518, 574,  516, 574,  518, 1658,  516, 1658,  518, 574,  518, 1664,  570, 1602,  516, 574,  516, 576,  516, 1658,  516, 1658,  516, 1660,  514, 1660,  514, 1664,  542, 546,  514, 1664,  514, 1660,  514, 576,  514, 578,  514, 578,  512, 578,  512, 580,  542, 1636,  512, 1662,  512, 578,  512, 578,  512, 578,  536, 556,  520, 572,  534, 558,  536, 572,  498, 592,  514, 1660,  514, 1660,  516, 1660,  514, 1660,  514, 1662,  514, 1664,  514};  // COOLIX B29FC0
uint64_t data = 0xB29FC0;


--> APRIETO EL BOTON DE TURBO

Code      : 0xB5F5A2 (24 Bits)
Mesg Desc.: Power: On, Turbo: Toggle
uint16_t rawData[199] = {4338, 4420,  566, 1608,  564, 554,  516, 1638,  542, 1632,  542, 576,  518, 1634,  544, 576,  516, 1640,  544, 570,  516, 1638,  540, 574,  516, 574,  516, 1634,  542, 572,  518, 1634,  546, 576,  518, 1632,  544, 1632,  544, 1632,  544, 1632,  544, 572,  518, 1636,  544, 572,  518, 1638,  546, 570,  518, 574,  518, 574,  518, 574,  516, 1632,  544, 574,  518, 1636,  542, 576,  518, 1634,  542, 574,  516, 1636,  544, 574,  518, 574,  518, 574,  516, 1638,  542, 578,  520, 568,  516, 1634,  542, 574,  516, 1638,  540, 1634,  542, 1634,  542, 576,  514, 1640,  546, 5224,  4416, 4348,  516, 1658,  518, 574,  516, 1662,  516, 1660,  516, 574,  516, 1664,  516, 574,  516, 1664,  570, 520,  514, 1664,  516, 574,  516, 576,  516, 1660,  516, 576,  514, 1666,  514, 578,  542, 1636,  514, 1662,  514, 1662,  512, 1662,  514, 578,  512, 1666,  512, 580,  512, 1668,  538, 550,  512, 580,  510, 580,  512, 580,  534, 1640,  534, 576,  504, 1674,  512, 580,  518, 1660,  514, 576,  516, 1664,  516, 576,  514, 576,  514, 576,  514, 1664,  514, 580,  514, 574,  514, 1662,  512, 578,  514, 1666,  512, 1662,  512, 1664,  512, 580,  512, 1670,  510};  // COOLIX B5F5A2
uint64_t data = 0xB5F5A2;


--> APRIETO EL BOTON DE LIGHT

Code      : 0xB5F5A5 (24 Bits)
Mesg Desc.: Power: On, Light: Toggle
uint16_t rawData[199] = {4390, 4386,  538, 1634,  542, 574,  516, 1638,  540, 1636,  540, 576,  516, 1640,  540, 576,  514, 1640,  546, 570,  516, 1638,  540, 576,  514, 576,  516, 1632,  542, 576,  516, 1636,  544, 578,  542, 1608,  542, 1634,  542, 1634,  540, 1632,  544, 574,  516, 1640,  542, 574,  516, 1640,  544, 572,  516, 574,  516, 574,  516, 576,  516, 1632,  544, 574,  516, 1636,  542, 576,  518, 1634,  542, 576,  516, 1638,  542, 576,  516, 576,  514, 1638,  538, 574,  516, 1640,  544, 570,  514, 1640,  540, 576,  516, 1638,  542, 1634,  542, 576,  516, 1638,  542, 576,  546, 5196,  4392, 4372,  526, 1650,  514, 602,  490, 1664,  518, 1658,  514, 578,  514, 1664,  514, 576,  516, 1666,  570, 518,  514, 1666,  516, 576,  514, 576,  514, 1660,  516, 576,  514, 1664,  516, 578,  568, 1608,  516, 1660,  514, 1662,  514, 1660,  514, 576,  514, 1666,  538, 554,  536, 1646,  542, 546,  538, 554,  538, 554,  538, 554,  536, 1638,  536, 554,  536, 1642,  536, 558,  538, 1638,  536, 556,  536, 1644,  536, 554,  536, 556,  536, 1638,  536, 558,  534, 1666,  518, 572,  516, 1664,  516, 574,  516, 1664,  514, 1660,  514, 576,  514, 1666,  514, 580,  514};  // COOLIX B5F5A5
uint64_t data = 0xB5F5A5;


--> APRIETO EL BOTON DE SLEEP

Protocol  : BOSCH144
Code      : 0xB24DE01F03FCB24DBF40C03FB24DBF40C03F (144 Bits)
Mesg Desc.: Power: On, Mode: 1 (UNKNOWN), Fan: 0 (Auto), Temp: 17C, Quiet: On
uint16_t rawData[299] = {4390, 4370,  568, 1606,  570, 550,  540, 1612,  544, 1632,  542, 576,  542, 548,  518, 1630,  544, 576,  518, 570,  516, 1630,  544, 576,  516, 574,  516, 1632,  542, 1632,  542, 574,  516, 1636,  570, 1602,  544, 1630,  544, 1632,  546, 572,  518, 574,  518, 572,  518, 572,  518, 576,  516, 572,  516, 574,  516, 574,  518, 1630,  544, 1632,  542, 1634,  542, 1632,  544, 1634,  544, 572,  516, 574,  542, 548,  540, 550,  518, 574,  542, 550,  518, 1630,  542, 1636,  544, 1628,  566, 1608,  542, 1632,  542, 1632,  542, 1634,  542, 1632,  542, 574,  516, 552,  544, 5208,  4414, 4346,  518, 1658,  518, 574,  516, 1660,  518, 1658,  516, 574,  518, 574,  516, 1658,  518, 576,  568, 520,  516, 1658,  516, 574,  516, 574,  516, 1658,  514, 1660,  514, 576,  514, 1666,  540, 1632,  514, 576,  514, 1666,  514, 1662,  514, 1662,  512, 1662,  512, 1662,  512, 1664,  538, 550,  534, 1664,  516, 576,  514, 576,  514, 576,  516, 574,  514, 576,  514, 578,  516, 1656,  514, 1662,  514, 576,  514, 578,  514, 578,  512, 576,  514, 578,  514, 580,  514, 574,  514, 578,  512, 1664,  510, 1662,  512, 1664,  512, 1664,  510, 1664,  510, 1666,  510, 5270,  4350, 4408,  508, 1666,  508, 584,  508, 1670,  508, 1666,  508, 584,  506, 584,  506, 1668,  508, 584,  508, 582,  506, 1668,  506, 584,  506, 586,  506, 1670,  506, 1692,  484, 608,  482, 1698,  484, 1690,  484, 608,  482, 1696,  484, 1692,  484, 1692,  482, 1692,  484, 1692,  482, 1694,  484, 606,  482, 1696,  484, 606,  482, 608,  482, 608,  482, 608,  482, 608,  482, 610,  484, 1690,  482, 1692,  482, 608,  482, 608,  484, 608,  482, 608,  482, 608,  482, 610,  484, 606,  482, 608,  484, 1692,  482, 1692,  482, 1692,  484, 1692,  482, 1692,  482, 1696,  482};  // BOSCH144
uint8_t state[18] = {0xB2, 0x4D, 0xE0, 0x1F, 0x03, 0xFC, 0xB2, 0x4D, 0xBF, 0x40, 0xC0, 0x3F, 0xB2, 0x4D, 0xBF, 0x40, 0xC0, 0x3F};


acá se pudrió todo, hasta el protocolo cambió. mejor ni tocar el de sleep, nos olvidamos


--> APRIETO SLEEP DE NUEVO

Code      : 0xB2BFC0 (24 Bits)
Mesg Desc.: Power: On, Mode: 0 (Cool), Fan: 5 (Auto), Temp: 25C, Zone Follow: Off, Sensor Temp: Off
uint16_t rawData[199] = {4416, 4352,  542, 1636,  540, 574,  516, 1638,  540, 1634,  542, 576,  516, 576,  516, 1632,  544, 576,  518, 572,  516, 1634,  542, 576,  516, 574,  516, 1634,  542, 1632,  544, 574,  516, 1638,  544, 1628,  544, 574,  516, 1636,  542, 1634,  542, 1632,  542, 1634,  542, 1634,  542, 1634,  544, 572,  516, 1636,  544, 574,  516, 574,  516, 574,  516, 576,  516, 576,  514, 578,  518, 1628,  542, 1634,  542, 574,  516, 576,  516, 576,  516, 574,  516, 574,  514, 578,  518, 570,  514, 576,  516, 1632,  544, 1634,  540, 1634,  542, 1632,  540, 1636,  542, 1634,  544, 5236,  4390, 4372,  540, 1636,  540, 578,  490, 1664,  540, 1636,  516, 602,  514, 578,  512, 1638,  516, 602,  520, 568,  490, 1660,  516, 600,  490, 600,  490, 1660,  516, 1658,  516, 600,  490, 1666,  572, 1602,  516, 576,  514, 1664,  516, 1660,  514, 1660,  516, 1660,  516, 1660,  514, 1664,  568, 520,  538, 1640,  538, 554,  540, 552,  538, 552,  540, 552,  540, 552,  538, 552,  568, 1606,  538, 1636,  538, 552,  538, 554,  538, 552,  538, 554,  538, 554,  538, 556,  542, 548,  538, 554,  538, 1638,  540, 1636,  536, 1638,  538, 1638,  538, 1638,  536, 1640,  512};  // COOLIX B2BFC0
uint64_t data = 0xB2BFC0;



--> APAGO EL AIRE

Code      : 0xB27BE0 (24 Bits)
Mesg Desc.: Power: Off
uint16_t rawData[199] = {4390, 4372,  542, 1632,  570, 548,  522, 1630,  542, 1634,  542, 574,  516, 574,  540, 1608,  542, 576,  542, 548,  516, 1634,  544, 574,  516, 574,  516, 1632,  544, 1632,  544, 574,  516, 1638,  570, 546,  516, 1638,  542, 1632,  542, 1634,  542, 1632,  546, 572,  516, 1636,  544, 1632,  546, 1630,  542, 576,  516, 574,  516, 574,  516, 574,  518, 1632,  542, 574,  540, 552,  518, 1630,  542, 1630,  544, 1632,  544, 574,  516, 574,  518, 574,  516, 574,  518, 576,  518, 570,  518, 574,  518, 574,  516, 1632,  544, 1632,  544, 1630,  544, 1632,  542, 1632,  544, 5234,  4390, 4374,  568, 1608,  566, 548,  518, 1636,  542, 1632,  542, 574,  516, 574,  540, 1608,  542, 576,  520, 568,  518, 1632,  542, 574,  516, 576,  516, 1634,  542, 1634,  542, 552,  538, 1640,  570, 520,  538, 1638,  540, 1636,  516, 1658,  540, 1636,  516, 574,  518, 1662,  518, 1660,  570, 1604,  516, 574,  516, 574,  516, 574,  516, 576,  516, 1658,  516, 574,  516, 578,  568, 1606,  516, 1660,  516, 1660,  514, 576,  514, 576,  514, 576,  514, 578,  514, 578,  540, 548,  512, 578,  512, 578,  512, 1662,  512, 1662,  512, 1662,  514, 1662,  512, 1666,  512};  // COOLIX B27BE0
uint64_t data = 0xB27BE0;
