POWER ON/OFF

Protocol  : KELON168
Code      : 0x830604620000000A00000C00006000010000000001 (168 Bits)
uint16_t rawData[343] = {9096, 4640,  496, 1802,  498, 1802,  496, 642,  472, 640,  470, 644,  470, 642,  470, 642,  472, 1800,  496, 642,  470, 1802,  498, 1804,  496, 640,  470, 642,  472, 642,  472, 642,  470, 642,  470, 644,  470, 642,  472, 1802,  498, 640,  472, 642,  472, 642,  470, 642,  470, 640,  472, 642,  470, 1802,  496, 642,  472, 640,  470, 642,  472, 1804,  496, 1802,  498, 640,  472, 642,  470, 642,  472, 642,  472, 640,  470, 642,  470, 642,  472, 642,  470, 640,  472, 642,  470, 642,  472, 642,  472, 640,  470, 642,  472, 642,  470, 642,  470, 634,  472, 8236,  498, 642,  472, 642,  472, 640,  472, 640,  472, 642,  472, 642,  470, 644,  470, 640,  472, 642,  472, 1802,  496, 642,  472, 1800,  498, 642,  472, 642,  472, 642,  472, 644,  472, 642,  496, 618,  494, 618,  496, 616,  496, 618,  494, 620,  498, 616,  496, 614,  496, 616,  496, 616,  498, 616,  498, 614,  498, 614,  498, 614,  500, 614,  498, 614,  498, 614,  498, 616,  498, 1778,  522, 1774,  522, 592,  522, 592,  522, 592,  522, 590,  520, 592,  522, 590,  522, 592,  522, 588,  522, 592,  522, 592,  522, 592,  522, 592,  520, 592,  520, 594,  518, 594,  520, 592,  520, 594,  520, 594,  520, 594,  520, 590,  520, 594,  518, 594,  518, 594,  520, 592,  520, 594,  520, 1778,  520, 1780,  520, 586,  520, 8210,  520, 594,  518, 596,  518, 594,  520, 592,  516, 598,  518, 596,  516, 616,  498, 614,  498, 1802,  498, 616,  498, 618,  496, 614,  496, 616,  498, 616,  496, 616,  496, 620,  496, 618,  496, 618,  494, 618,  496, 616,  494, 618,  496, 618,  496, 618,  496, 618,  494, 620,  492, 622,  492, 622,  490, 620,  492, 622,  490, 624,  490, 624,  488, 624,  488, 626,  488, 626,  488, 626,  488, 624,  488, 626,  488, 648,  464, 648,  464, 648,  464, 650,  464, 648,  466, 648,  464, 646,  464, 650,  464, 650,  464, 650,  464, 648,  464, 1834,  464, 650,  464, 650,  462, 648,  464, 650,  464, 650,  462, 650,  464, 640,  464};  // KELON168
uint8_t state[21] = {0x83, 0x06, 0x04, 0x62, 0x00, 0x00, 0x00, 0x0A, 0x00, 0x00, 0x0C, 0x00, 0x00, 0x60, 0x00, 0x01, 0x00, 0x00, 0x00, 0x00, 0x01};

0x830604720000042800000C00005600010000000001 04:40
0x830604720000042900000C00005700010000000001 04:41
0x830604620000000A00000C00006000010000000001
83 fixed
06 fixed
04 fan
62 ac_temp + mode
00 fixed
00 fixed
00 automessage + hours
0A mins
00 fixed
00 fixed
0C fixed
00 ifeel first bit
00 remote_temp
60 checksum (not fixed fields: 06 + 04 + 62 + hours should not be 0)
00 fixed
01 depends on operation
00 fixed
00 depends on fan mode
00 fixed (should be 0x38)
00 fixed
01 checksum (not fixed fields: 01 ) sometimes has fixed values

0x83060050000080040000000000D40006000038003E


Light off: 131	6	0	160	0	0	160	45	0	0	0	128	24	181	0	0	0	0	56	0	56
Light on:  131	6	0	160	0	0	160	45	0	0	0	128	24	181	0	0	0	0	56	0	56



TEMP DOWN 24C COOL FAN AUTO 04:30
Protocol  : KELON168
Code      : 0x830600620000041E00000C00007400020000000002 (168 Bits)
uint16_t rawData[343] = {9126, 4614,  524, 1776,  524, 1776,  522, 618,  496, 614,  496, 618,  496, 618,  496, 618,  496, 1774,  524, 616,  498, 1774,  524, 1776,  524, 614,  498, 616,  496, 616,  498, 616,  498, 616,  498, 616,  498, 616,  498, 616,  496, 614,  498, 616,  498, 616,  498, 616,  498, 614,  496, 616,  498, 1776,  524, 616,  498, 614,  498, 616,  496, 1776,  526, 1776,  524, 614,  498, 618,  496, 616,  498, 616,  498, 614,  498, 616,  498, 616,  496, 616,  498, 614,  498, 616,  498, 616,  498, 616,  498, 614,  498, 614,  498, 616,  498, 616,  496, 608,  506, 8204,  524, 616,  498, 616,  498, 1776,  524, 614,  498, 616,  498, 616,  498, 616,  498, 614,  498, 616,  498, 1776,  524, 1776,  524, 1774,  524, 1776,  522, 616,  498, 616,  496, 620,  496, 618,  496, 618,  496, 616,  496, 616,  496, 618,  496, 618,  496, 592,  520, 592,  520, 594,  520, 590,  522, 592,  522, 590,  522, 592,  522, 594,  522, 592,  522, 590,  520, 592,  520, 594,  520, 1780,  518, 1780,  518, 594,  496, 618,  496, 618,  496, 618,  494, 618,  496, 618,  496, 620,  494, 616,  496, 618,  494, 618,  494, 620,  494, 618,  496, 618,  498, 616,  494, 620,  520, 592,  518, 596,  518, 594,  518, 594,  518, 594,  518, 596,  518, 596,  518, 1782,  518, 594,  518, 1782,  518, 1780,  518, 1782,  518, 586,  518, 8216,  518, 596,  518, 596,  516, 618,  496, 614,  496, 618,  496, 618,  496, 618,  496, 616,  496, 618,  496, 1802,  496, 618,  496, 616,  496, 618,  496, 618,  496, 618,  496, 620,  494, 620,  494, 620,  494, 620,  494, 618,  494, 620,  494, 620,  492, 622,  492, 620,  492, 622,  492, 624,  490, 624,  490, 622,  490, 626,  488, 624,  488, 626,  488, 622,  488, 624,  490, 624,  490, 624,  488, 624,  488, 626,  488, 624,  488, 626,  488, 624,  488, 626,  488, 626,  486, 628,  486, 624,  488, 626,  488, 628,  486, 650,  464, 626,  488, 628,  486, 1836,  464, 650,  466, 646,  464, 650,  464, 650,  464, 650,  464, 642,  464};  // KELON168
uint8_t state[21] = {0x83, 0x06, 0x00, 0x62, 0x00, 0x00, 0x04, 0x1E, 0x00, 0x00, 0x0C, 0x00, 0x00, 0x74, 0x00, 0x02, 0x00, 0x00, 0x00, 0x00, 0x02};

TEMP DOWN 23C COOL FAN AUTO 04:33
Protocol  : KELON168
Code      : 0x830600520000042100000C00007B00020000000002 (168 Bits)
uint16_t rawData[343] = {9126, 4622,  494, 1802,  522, 1776,  508, 634,  496, 616,  472, 642,  472, 642,  478, 636,  472, 1800,  522, 618,  490, 1782,  522, 1778,  522, 616,  496, 620,  472, 642,  494, 618,  496, 618,  496, 618,  496, 618,  494, 620,  494, 616,  496, 618,  494, 620,  494, 618,  496, 618,  496, 618,  496, 1780,  520, 618,  496, 616,  496, 1776,  524, 618,  496, 1778,  524, 616,  496, 618,  496, 618,  496, 618,  496, 616,  496, 618,  496, 618,  496, 618,  496, 616,  496, 616,  496, 618,  496, 618,  498, 614,  498, 616,  498, 616,  498, 618,  496, 608,  496, 8212,  524, 616,  498, 616,  498, 1776,  522, 614,  498, 616,  498, 616,  498, 616,  496, 614,  496, 1776,  524, 614,  498, 616,  498, 614,  498, 616,  498, 1776,  524, 616,  498, 618,  498, 616,  500, 616,  496, 616,  500, 614,  498, 614,  500, 614,  498, 616,  498, 614,  498, 592,  522, 592,  520, 592,  520, 590,  522, 592,  520, 594,  520, 592,  520, 592,  520, 592,  498, 618,  496, 1802,  498, 1802,  496, 618,  496, 618,  496, 620,  494, 616,  496, 618,  494, 618,  496, 618,  496, 616,  496, 618,  496, 618,  496, 618,  496, 618,  494, 618,  496, 618,  496, 620,  494, 618,  494, 620,  494, 618,  496, 618,  518, 594,  520, 1782,  518, 1782,  518, 596,  518, 1782,  516, 1784,  516, 1804,  496, 1804,  496, 610,  496, 8238,  496, 618,  498, 618,  496, 618,  496, 616,  496, 618,  496, 618,  496, 618,  496, 618,  496, 618,  496, 1804,  494, 620,  494, 618,  494, 620,  492, 620,  494, 620,  494, 622,  494, 622,  492, 622,  492, 622,  492, 622,  490, 624,  490, 624,  490, 624,  490, 624,  488, 626,  488, 626,  488, 626,  488, 624,  488, 626,  488, 626,  488, 624,  488, 626,  486, 628,  486, 650,  464, 650,  464, 648,  464, 650,  464, 650,  466, 650,  464, 648,  464, 650,  464, 650,  464, 648,  466, 646,  464, 650,  464, 650,  464, 650,  464, 648,  464, 650,  464, 1836,  464, 650,  464, 648,  464, 652,  462, 650,  464, 650,  464, 642,  464};  // KELON168
uint8_t state[21] = {0x83, 0x06, 0x00, 0x52, 0x00, 0x00, 0x04, 0x21, 0x00, 0x00, 0x0C, 0x00, 0x00, 0x7B, 0x00, 0x02, 0x00, 0x00, 0x00, 0x00, 0x02};

TEMP DOWN 22C COOL FAN AUTO 04:33
Protocol  : KELON168
Code      : 0x830600420000042100000C00006B00020000000002 (168 Bits)
uint16_t rawData[343] = {9108, 4634,  498, 1804,  496, 1802,  498, 642,  524, 588,  522, 590,  522, 592,  496, 618,  474, 1798,  546, 592,  472, 1802,  500, 1802,  516, 622,  524, 590,  496, 618,  482, 632,  524, 590,  494, 620,  488, 624,  498, 614,  496, 616,  496, 618,  496, 618,  496, 618,  478, 634,  496, 618,  494, 1780,  522, 618,  496, 616,  496, 618,  496, 618,  496, 1776,  524, 616,  496, 618,  496, 618,  496, 616,  498, 614,  496, 618,  498, 616,  498, 616,  498, 614,  498, 616,  498, 616,  498, 616,  498, 612,  498, 616,  498, 616,  498, 616,  498, 608,  498, 8212,  522, 616,  498, 614,  498, 1776,  524, 614,  498, 616,  498, 616,  498, 616,  498, 614,  498, 1776,  524, 616,  498, 616,  498, 614,  498, 616,  498, 1776,  524, 616,  498, 620,  496, 616,  496, 594,  520, 592,  520, 590,  522, 592,  520, 592,  522, 592,  522, 590,  520, 594,  520, 594,  520, 594,  496, 614,  496, 618,  496, 618,  496, 618,  496, 618,  494, 618,  496, 618,  496, 1804,  496, 1802,  494, 620,  494, 620,  494, 618,  496, 616,  496, 618,  494, 618,  494, 620,  494, 618,  494, 618,  496, 620,  494, 620,  494, 618,  494, 620,  518, 596,  518, 596,  518, 594,  518, 596,  518, 596,  516, 616,  496, 616,  496, 1804,  496, 1804,  496, 618,  496, 1800,  496, 618,  496, 1804,  496, 1804,  496, 610,  496, 8238,  494, 620,  494, 618,  496, 618,  494, 618,  494, 620,  494, 620,  494, 620,  492, 620,  494, 620,  492, 1808,  492, 622,  490, 622,  490, 624,  490, 626,  488, 626,  488, 626,  490, 624,  488, 626,  488, 626,  488, 622,  488, 626,  488, 626,  488, 626,  488, 624,  488, 626,  488, 626,  488, 626,  488, 624,  488, 626,  488, 648,  466, 648,  464, 648,  464, 650,  464, 650,  464, 650,  464, 648,  464, 650,  464, 650,  464, 650,  464, 648,  464, 648,  466, 648,  464, 650,  464, 648,  464, 650,  464, 650,  464, 650,  464, 648,  464, 650,  464, 1836,  462, 652,  464, 648,  462, 650,  464, 650,  464, 650,  464, 642,  464};  // KELON168
uint8_t state[21] = {0x83, 0x06, 0x00, 0x42, 0x00, 0x00, 0x04, 0x21, 0x00, 0x00, 0x0C, 0x00, 0x00, 0x6B, 0x00, 0x02, 0x00, 0x00, 0x00, 0x00, 0x02};

TEMP UP 23C COOL FAN AUTO 04:33
Protocol  : KELON168
Code      : 0x830600520000042100000C00007B00020000000002 (168 Bits)
uint16_t rawData[343] = {9100, 4642,  498, 1806,  494, 1802,  496, 644,  472, 638,  472, 642,  472, 642,  472, 642,  492, 1778,  498, 642,  472, 1802,  498, 1802,  498, 640,  472, 642,  470, 642,  472, 642,  472, 642,  472, 642,  472, 642,  472, 642,  474, 636,  472, 642,  484, 630,  474, 640,  472, 640,  480, 636,  494, 1778,  522, 618,  494, 616,  496, 1778,  522, 618,  496, 1778,  524, 616,  496, 618,  496, 618,  496, 618,  496, 616,  496, 616,  496, 618,  496, 618,  496, 616,  496, 618,  496, 618,  496, 616,  498, 614,  498, 616,  496, 616,  498, 616,  496, 608,  498, 8212,  524, 616,  498, 614,  498, 1778,  522, 614,  498, 614,  498, 616,  498, 616,  498, 614,  498, 1776,  524, 594,  520, 592,  520, 590,  522, 592,  522, 1776,  524, 592,  522, 594,  522, 594,  520, 592,  520, 594,  520, 592,  520, 594,  496, 618,  496, 616,  496, 616,  496, 618,  496, 618,  496, 616,  496, 616,  496, 618,  496, 618,  498, 616,  518, 596,  494, 620,  494, 620,  494, 1804,  518, 1780,  520, 594,  518, 594,  520, 594,  520, 594,  518, 596,  518, 596,  518, 596,  518, 594,  516, 596,  518, 616,  496, 616,  498, 616,  496, 616,  498, 616,  498, 616,  496, 616,  496, 618,  496, 616,  496, 618,  496, 616,  496, 1804,  496, 1804,  496, 620,  494, 1804,  496, 1804,  494, 1804,  496, 1804,  494, 612,  494, 8242,  492, 622,  492, 622,  490, 624,  490, 622,  488, 626,  488, 626,  488, 624,  488, 626,  488, 624,  488, 1812,  488, 626,  488, 624,  488, 626,  488, 626,  488, 626,  488, 628,  488, 626,  488, 626,  488, 626,  488, 624,  486, 650,  466, 626,  488, 626,  488, 648,  466, 648,  464, 648,  464, 626,  488, 648,  464, 650,  464, 650,  464, 648,  464, 648,  464, 650,  464, 650,  464, 650,  464, 648,  464, 650,  464, 650,  462, 650,  464, 648,  464, 650,  464, 650,  464, 650,  464, 648,  464, 650,  464, 648,  464, 650,  464, 648,  462, 650,  464, 1836,  464, 648,  464, 648,  464, 650,  464, 650,  462, 652,  464, 642,  464};  // KELON168
uint8_t state[21] = {0x83, 0x06, 0x00, 0x52, 0x00, 0x00, 0x04, 0x21, 0x00, 0x00, 0x0C, 0x00, 0x00, 0x7B, 0x00, 0x02, 0x00, 0x00, 0x00, 0x00, 0x02};

TEMP UP 30C COOL FAN AUTO 04:35
Protocol  : KELON168
Code      : 0x830600C20000042300000C0000E900020000000002 (168 Bits)
uint16_t rawData[343] = {9108, 4632,  496, 1802,  498, 1802,  498, 642,  472, 640,  470, 642,  472, 642,  470, 642,  472, 1800,  498, 642,  472, 1802,  496, 1802,  498, 640,  472, 642,  470, 644,  472, 642,  472, 642,  470, 642,  472, 642,  472, 642,  472, 640,  472, 642,  472, 640,  472, 642,  472, 638,  476, 638,  492, 1780,  498, 642,  470, 640,  496, 620,  470, 642,  472, 1802,  498, 1800,  522, 618,  474, 638,  496, 620,  494, 616,  496, 618,  496, 618,  496, 618,  496, 616,  496, 618,  496, 618,  498, 616,  498, 614,  496, 618,  496, 618,  498, 616,  498, 608,  496, 8214,  522, 618,  496, 616,  498, 1776,  524, 614,  498, 616,  498, 616,  498, 594,  520, 592,  520, 1776,  524, 1776,  524, 592,  522, 588,  522, 592,  522, 1776,  524, 592,  520, 594,  520, 592,  520, 594,  520, 594,  518, 592,  520, 596,  518, 596,  496, 616,  520, 592,  520, 594,  520, 594,  520, 594,  520, 592,  520, 594,  520, 596,  518, 594,  520, 594,  520, 594,  522, 594,  520, 1780,  520, 1778,  522, 592,  518, 596,  520, 594,  518, 594,  518, 596,  518, 596,  518, 596,  518, 594,  518, 616,  498, 616,  498, 616,  498, 616,  496, 616,  496, 618,  496, 618,  496, 616,  496, 618,  496, 618,  494, 620,  496, 616,  496, 1804,  496, 618,  496, 618,  494, 1804,  494, 620,  494, 1808,  494, 1806,  492, 1800,  492, 8242,  490, 624,  490, 624,  490, 624,  488, 624,  488, 624,  490, 624,  488, 626,  488, 624,  488, 626,  488, 1812,  488, 626,  488, 624,  488, 626,  488, 626,  488, 626,  488, 628,  488, 626,  488, 626,  488, 628,  488, 646,  464, 650,  464, 648,  466, 648,  464, 648,  464, 650,  464, 650,  464, 648,  466, 646,  466, 648,  464, 650,  464, 648,  464, 648,  464, 650,  464, 648,  464, 650,  464, 648,  462, 650,  464, 650,  464, 650,  462, 650,  464, 648,  464, 650,  464, 650,  464, 646,  464, 650,  464, 650,  464, 650,  464, 648,  464, 650,  462, 1836,  464, 650,  464, 648,  462, 650,  464, 650,  462, 650,  464, 642,  462};  // KELON168
uint8_t state[21] = {0x83, 0x06, 0x00, 0xC2, 0x00, 0x00, 0x04, 0x23, 0x00, 0x00, 0x0C, 0x00, 0x00, 0xE9, 0x00, 0x02, 0x00, 0x00, 0x00, 0x00, 0x02};

TEMP -- MODE ?? FAN AUTO 04:37
Protocol  : KELON168
Code      : 0x830600730000042500000C00005E00060000000006 (168 Bits)
uint16_t rawData[343] = {9126, 4616,  524, 1776,  524, 1776,  522, 618,  498, 614,  498, 616,  498, 618,  496, 616,  496, 1776,  522, 618,  496, 1778,  522, 1778,  520, 620,  494, 594,  496, 642,  470, 618,  496, 616,  496, 616,  498, 616,  496, 616,  498, 614,  498, 616,  498, 616,  498, 616,  498, 614,  498, 1804,  496, 1802,  498, 614,  498, 616,  496, 1802,  496, 1804,  496, 1804,  496, 614,  498, 616,  498, 616,  498, 616,  500, 612,  522, 594,  496, 616,  510, 604,  498, 614,  520, 592,  522, 592,  522, 592,  522, 588,  524, 590,  522, 592,  522, 592,  522, 584,  522, 8216,  520, 594,  520, 590,  522, 1778,  520, 590,  522, 592,  522, 592,  522, 592,  522, 590,  522, 1778,  520, 594,  520, 1778,  522, 590,  522, 592,  522, 1780,  520, 594,  522, 594,  522, 592,  520, 594,  520, 592,  522, 590,  520, 594,  520, 594,  518, 596,  518, 592,  520, 594,  520, 594,  520, 594,  520, 592,  520, 594,  520, 594,  520, 594,  520, 592,  520, 594,  520, 594,  518, 1782,  518, 1780,  518, 616,  498, 616,  498, 616,  496, 614,  498, 616,  498, 618,  496, 616,  498, 616,  496, 618,  496, 618,  496, 618,  496, 618,  496, 618,  496, 618,  496, 618,  494, 618,  494, 620,  494, 620,  494, 622,  490, 620,  492, 622,  492, 1808,  492, 1810,  490, 1806,  492, 1808,  490, 624,  490, 1810,  490, 616,  490, 8244,  490, 624,  488, 626,  488, 624,  488, 624,  488, 624,  490, 624,  488, 626,  488, 626,  488, 626,  488, 1812,  486, 1814,  488, 624,  488, 642,  472, 626,  488, 646,  468, 652,  464, 648,  464, 650,  464, 650,  466, 646,  464, 650,  464, 650,  464, 650,  464, 648,  464, 650,  464, 652,  464, 650,  464, 646,  464, 650,  464, 650,  464, 650,  464, 646,  464, 650,  464, 650,  464, 650,  464, 648,  464, 650,  464, 650,  464, 650,  464, 648,  464, 650,  464, 650,  464, 650,  464, 648,  464, 650,  464, 650,  464, 650,  464, 648,  464, 650,  464, 1836,  464, 1836,  464, 648,  464, 650,  464, 650,  464, 650,  464, 642,  464};  // KELON168
uint8_t state[21] = {0x83, 0x06, 0x00, 0x73, 0x00, 0x00, 0x04, 0x25, 0x00, 0x00, 0x0C, 0x00, 0x00, 0x5E, 0x00, 0x06, 0x00, 0x00, 0x00, 0x00, 0x06};

TEMP -- MODE FAN FAN MIN 04:37
Protocol  : KELON168
Code      : 0x830603840000042500000C0000AA00060000000006 (168 Bits)
uint16_t rawData[343] = {9124, 4618,  496, 1802,  498, 1804,  496, 642,  472, 642,  472, 640,  486, 630,  478, 636,  472, 1798,  498, 642,  472, 1804,  496, 1802,  498, 640,  472, 642,  494, 620,  472, 642,  478, 634,  472, 1800,  500, 1802,  498, 640,  472, 640,  478, 636,  472, 642,  484, 628,  496, 616,  472, 642,  472, 642,  472, 1802,  514, 624,  494, 618,  474, 640,  472, 642,  494, 1778,  496, 644,  470, 644,  496, 618,  480, 632,  472, 642,  496, 618,  478, 636,  496, 616,  496, 618,  494, 620,  496, 618,  496, 616,  496, 618,  496, 618,  496, 618,  496, 608,  498, 8214,  522, 618,  496, 618,  496, 1778,  522, 614,  498, 616,  496, 618,  498, 616,  496, 614,  498, 1778,  522, 618,  498, 1776,  522, 614,  498, 616,  498, 1776,  524, 616,  498, 618,  498, 614,  498, 616,  498, 616,  500, 612,  498, 616,  498, 616,  498, 616,  498, 614,  498, 616,  496, 592,  522, 592,  522, 590,  522, 592,  522, 592,  522, 592,  522, 590,  522, 592,  522, 592,  520, 1778,  522, 1774,  522, 592,  520, 594,  498, 616,  496, 616,  496, 618,  496, 616,  498, 618,  494, 618,  496, 616,  496, 618,  496, 618,  496, 616,  518, 596,  494, 618,  496, 618,  496, 616,  496, 618,  518, 596,  518, 596,  518, 592,  520, 594,  518, 1780,  520, 594,  520, 1778,  518, 596,  518, 1782,  516, 618,  496, 1794,  498, 8236,  498, 616,  496, 618,  498, 616,  498, 614,  496, 618,  496, 618,  496, 618,  496, 616,  498, 616,  496, 1804,  496, 1804,  496, 616,  494, 620,  494, 620,  494, 620,  494, 622,  494, 620,  492, 622,  492, 622,  492, 620,  490, 624,  490, 624,  490, 624,  490, 624,  488, 626,  488, 626,  488, 624,  490, 624,  488, 626,  488, 626,  488, 626,  488, 624,  488, 626,  488, 626,  488, 626,  488, 624,  488, 626,  488, 626,  488, 626,  486, 626,  488, 648,  466, 626,  488, 650,  464, 648,  464, 650,  464, 650,  464, 650,  464, 648,  464, 650,  464, 1836,  464, 1836,  464, 648,  464, 650,  464, 650,  464, 650,  464, 642,  464};  // KELON168
uint8_t state[21] = {0x83, 0x06, 0x03, 0x84, 0x00, 0x00, 0x04, 0x25, 0x00, 0x00, 0x0C, 0x00, 0x00, 0xAA, 0x00, 0x06, 0x00, 0x00, 0x00, 0x00, 0x06};

TEMP -- MODE FAN FAN MAX 04:38
Protocol  : KELON168
Code      : 0x830601840000042600000C0000AB00110000000011 (168 Bits)
uint16_t rawData[343] = {9100, 4644,  496, 1802,  498, 1800,  548, 594,  520, 592,  470, 644,  522, 592,  470, 642,  472, 1800,  546, 594,  470, 1804,  522, 1776,  500, 640,  472, 642,  470, 642,  472, 642,  496, 618,  470, 1802,  524, 618,  494, 618,  496, 616,  496, 618,  496, 618,  496, 618,  498, 614,  496, 618,  498, 618,  496, 1776,  522, 616,  498, 616,  498, 616,  498, 616,  498, 1776,  524, 616,  498, 616,  498, 616,  498, 614,  498, 616,  498, 616,  498, 616,  498, 612,  498, 616,  498, 616,  498, 616,  498, 614,  498, 616,  498, 616,  498, 616,  498, 608,  498, 8214,  524, 616,  498, 616,  498, 1776,  524, 614,  498, 614,  500, 616,  496, 616,  498, 614,  498, 618,  498, 1776,  522, 1778,  522, 616,  496, 594,  520, 1778,  524, 592,  520, 596,  522, 592,  522, 592,  520, 594,  520, 592,  520, 592,  496, 618,  496, 618,  496, 616,  496, 618,  496, 618,  496, 620,  494, 618,  494, 620,  494, 618,  494, 620,  494, 618,  494, 620,  494, 620,  494, 1804,  496, 1804,  494, 618,  494, 620,  494, 620,  494, 618,  494, 620,  494, 620,  494, 620,  494, 618,  494, 620,  494, 618,  518, 596,  518, 594,  518, 596,  518, 596,  516, 598,  518, 596,  516, 618,  496, 618,  496, 618,  498, 614,  496, 1804,  496, 1804,  496, 618,  496, 1802,  496, 618,  496, 1804,  496, 618,  496, 1796,  494, 8238,  494, 620,  494, 620,  494, 620,  494, 618,  494, 620,  494, 620,  492, 622,  494, 620,  492, 1808,  490, 624,  490, 624,  490, 624,  488, 1812,  488, 626,  488, 626,  490, 626,  488, 626,  488, 626,  488, 626,  488, 624,  488, 626,  488, 626,  488, 626,  486, 626,  488, 626,  488, 650,  464, 626,  488, 648,  464, 650,  464, 650,  464, 650,  464, 648,  464, 650,  464, 650,  464, 650,  464, 648,  464, 650,  464, 650,  464, 650,  464, 650,  464, 650,  464, 650,  464, 650,  464, 648,  464, 650,  464, 650,  464, 650,  464, 648,  464, 1836,  464, 650,  464, 652,  462, 648,  464, 1836,  464, 650,  464, 650,  462, 642,  464};  // KELON168
uint8_t state[21] = {0x83, 0x06, 0x01, 0x84, 0x00, 0x00, 0x04, 0x26, 0x00, 0x00, 0x0C, 0x00, 0x00, 0xAB, 0x00, 0x11, 0x00, 0x00, 0x00, 0x00, 0x11};

TEMP 23 MODE HEAT FAN AUTO 04:38
Protocol  : KELON168
Code      : 0x830600500000042600000C00007E00060000000006 (168 Bits)
uint16_t rawData[343] = {9102, 4640,  548, 1750,  508, 1794,  500, 638,  494, 616,  472, 642,  496, 618,  496, 618,  474, 1796,  546, 594,  494, 1778,  520, 1780,  522, 618,  496, 618,  522, 592,  494, 618,  496, 618,  496, 618,  494, 618,  498, 616,  496, 616,  496, 618,  496, 618,  496, 618,  496, 616,  496, 618,  496, 618,  496, 618,  496, 616,  496, 1778,  522, 618,  496, 1778,  524, 616,  498, 618,  496, 616,  496, 618,  496, 616,  496, 618,  498, 616,  498, 616,  498, 614,  498, 616,  498, 616,  498, 616,  498, 614,  498, 616,  498, 616,  498, 616,  498, 608,  498, 8212,  524, 616,  498, 616,  500, 1774,  526, 614,  498, 616,  498, 616,  498, 616,  498, 614,  498, 616,  498, 1776,  524, 1776,  524, 612,  498, 616,  498, 1776,  522, 616,  498, 616,  498, 616,  498, 616,  498, 616,  496, 592,  520, 594,  520, 592,  522, 592,  522, 590,  522, 594,  520, 592,  522, 592,  520, 592,  520, 594,  496, 618,  496, 616,  496, 616,  496, 618,  496, 616,  496, 1806,  494, 1804,  494, 618,  494, 620,  494, 618,  496, 616,  496, 618,  494, 618,  496, 618,  494, 616,  496, 618,  494, 620,  494, 620,  494, 620,  494, 618,  494, 620,  496, 618,  494, 618,  518, 594,  518, 596,  518, 598,  516, 594,  516, 618,  496, 1804,  496, 1804,  498, 1802,  496, 1804,  496, 1804,  496, 1804,  496, 610,  496, 8238,  496, 618,  496, 616,  496, 618,  496, 616,  496, 618,  496, 620,  494, 620,  494, 618,  494, 620,  494, 1806,  494, 1806,  492, 620,  490, 624,  492, 622,  490, 622,  490, 626,  490, 624,  488, 624,  488, 626,  488, 622,  488, 626,  488, 626,  488, 626,  488, 624,  488, 624,  490, 626,  488, 626,  490, 624,  488, 626,  488, 626,  488, 626,  488, 624,  486, 650,  466, 638,  474, 648,  466, 646,  464, 650,  464, 650,  464, 650,  464, 648,  464, 650,  464, 648,  466, 648,  464, 648,  464, 650,  464, 650,  464, 650,  464, 648,  464, 650,  464, 1836,  464, 1836,  464, 648,  464, 648,  464, 650,  464, 650,  462, 642,  464};  // KELON168
uint8_t state[21] = {0x83, 0x06, 0x00, 0x50, 0x00, 0x00, 0x04, 0x26, 0x00, 0x00, 0x0C, 0x00, 0x00, 0x7E, 0x00, 0x06, 0x00, 0x00, 0x00, 0x00, 0x06};

TEMP 25 MODE COOL FAN AUTO 04:39 SWING
Protocol  : KELON168
Code      : 0x830680720000042740000C00009D00070000000007 (168 Bits)
uint16_t rawData[343] = {9100, 4642,  500, 1798,  546, 1754,  498, 644,  520, 594,  470, 644,  476, 636,  470, 644,  472, 1800,  522, 618,  496, 1778,  524, 1776,  524, 616,  496, 618,  496, 618,  496, 616,  498, 616,  496, 616,  498, 616,  496, 618,  498, 614,  498, 616,  498, 616,  498, 616,  498, 1774,  522, 618,  522, 1752,  526, 616,  498, 614,  498, 1776,  524, 1778,  524, 1776,  524, 614,  498, 616,  496, 616,  496, 618,  496, 590,  496, 618,  496, 618,  496, 614,  498, 614,  498, 616,  500, 614,  498, 616,  498, 612,  500, 614,  498, 616,  498, 616,  498, 606,  498, 8238,  498, 616,  498, 616,  522, 1778,  498, 612,  500, 614,  498, 616,  498, 616,  522, 592,  498, 1802,  520, 1778,  496, 1802,  522, 590,  522, 592,  522, 1778,  522, 592,  496, 620,  520, 592,  520, 594,  520, 594,  506, 606,  522, 592,  522, 592,  522, 1778,  522, 590,  520, 592,  522, 592,  520, 594,  520, 590,  520, 594,  520, 594,  520, 592,  522, 592,  522, 592,  522, 592,  520, 1780,  520, 1778,  520, 594,  520, 594,  520, 594,  520, 592,  522, 594,  520, 594,  522, 592,  522, 592,  518, 594,  520, 594,  520, 594,  518, 594,  518, 596,  520, 594,  518, 596,  518, 594,  518, 596,  518, 598,  516, 598,  516, 596,  516, 1804,  496, 618,  498, 1804,  496, 1802,  496, 1804,  498, 618,  496, 618,  496, 1796,  496, 8238,  496, 620,  494, 620,  494, 620,  492, 620,  492, 622,  492, 620,  492, 622,  492, 620,  492, 1808,  490, 1810,  490, 1812,  490, 620,  490, 624,  490, 624,  490, 624,  488, 628,  488, 624,  490, 624,  490, 624,  490, 622,  490, 624,  490, 624,  488, 624,  490, 624,  490, 624,  490, 624,  490, 624,  488, 624,  488, 624,  490, 624,  490, 624,  488, 624,  488, 624,  490, 624,  488, 626,  488, 624,  488, 624,  490, 624,  488, 626,  490, 624,  488, 626,  488, 624,  488, 626,  488, 622,  490, 624,  490, 624,  490, 626,  488, 624,  488, 1812,  488, 1812,  488, 1812,  488, 622,  488, 626,  488, 626,  488, 626,  488, 618,  488};  // KELON168
uint8_t state[21] = {0x83, 0x06, 0x80, 0x72, 0x00, 0x00, 0x04, 0x27, 0x40, 0x00, 0x0C, 0x00, 0x00, 0x9D, 0x00, 0x07, 0x00, 0x00, 0x00, 0x00, 0x07};

TEMP 25 MODE COOL FAN AUTO 04:40 SWING
Protocol  : KELON168
Code      : 0x830680720000042840000C00009200070000000007 (168 Bits)
uint16_t rawData[343] = {9102, 4644,  520, 1782,  498, 1798,  548, 592,  472, 640,  496, 618,  496, 618,  472, 642,  496, 1776,  498, 642,  496, 1778,  518, 1784,  496, 640,  496, 618,  522, 592,  496, 618,  470, 642,  494, 620,  496, 618,  496, 618,  496, 616,  494, 618,  524, 592,  496, 618,  496, 1774,  524, 618,  494, 1778,  522, 620,  496, 616,  496, 1780,  520, 1780,  522, 1778,  522, 616,  496, 618,  496, 618,  496, 618,  496, 616,  496, 618,  496, 616,  496, 618,  496, 616,  498, 618,  498, 616,  496, 616,  498, 614,  498, 616,  498, 618,  496, 616,  496, 610,  498, 8214,  524, 616,  498, 616,  498, 1776,  524, 612,  498, 616,  498, 616,  498, 614,  500, 614,  498, 616,  498, 616,  498, 616,  498, 1772,  524, 616,  498, 1776,  524, 616,  498, 618,  498, 616,  500, 616,  498, 616,  498, 614,  498, 616,  498, 616,  498, 1776,  524, 614,  498, 618,  498, 616,  496, 594,  518, 592,  520, 592,  522, 594,  520, 592,  522, 592,  520, 594,  520, 594,  520, 1778,  520, 1780,  498, 616,  498, 616,  496, 618,  496, 616,  496, 618,  494, 620,  494, 620,  494, 618,  494, 620,  494, 620,  494, 620,  494, 618,  496, 618,  494, 620,  496, 618,  494, 618,  494, 620,  494, 620,  494, 620,  494, 618,  494, 618,  496, 1806,  494, 620,  494, 618,  518, 1782,  518, 596,  518, 596,  518, 1776,  516, 8238,  498, 618,  496, 618,  498, 616,  498, 614,  498, 616,  496, 618,  496, 618,  496, 616,  496, 1804,  496, 1804,  496, 1804,  494, 616,  496, 618,  496, 618,  496, 620,  494, 622,  496, 618,  494, 620,  494, 620,  492, 620,  492, 622,  492, 622,  492, 622,  490, 622,  490, 624,  490, 626,  490, 624,  488, 624,  488, 626,  488, 626,  488, 624,  488, 624,  488, 626,  488, 626,  488, 626,  488, 624,  488, 626,  488, 626,  488, 626,  488, 626,  488, 648,  464, 650,  462, 652,  464, 648,  464, 650,  464, 650,  464, 650,  464, 648,  464, 1836,  464, 1836,  466, 1834,  464, 648,  464, 650,  464, 650,  464, 650,  464, 642,  464};  // KELON168
uint8_t state[21] = {0x83, 0x06, 0x80, 0x72, 0x00, 0x00, 0x04, 0x28, 0x40, 0x00, 0x0C, 0x00, 0x00, 0x92, 0x00, 0x07, 0x00, 0x00, 0x00, 0x00, 0x07};

TEMP 25 MODE COOL FAN MIN 04:41 SLEEP ON
Protocol  : KELON168
Code      : 0x83060B720000042900000C00005800030000000003 (168 Bits)
uint16_t rawData[343] = {9100, 4640,  498, 1804,  496, 1802,  498, 642,  472, 640,  470, 642,  472, 642,  470, 644,  470, 1800,  498, 642,  472, 1802,  498, 1802,  498, 640,  470, 644,  472, 642,  472, 642,  486, 626,  472, 1802,  498, 1802,  498, 642,  476, 1794,  498, 642,  472, 642,  476, 640,  472, 640,  472, 642,  472, 1802,  498, 642,  494, 616,  480, 1796,  520, 1778,  504, 1798,  522, 616,  496, 620,  496, 618,  496, 618,  496, 616,  496, 618,  498, 616,  498, 616,  496, 616,  496, 616,  496, 618,  496, 618,  498, 614,  498, 616,  496, 616,  498, 616,  498, 608,  498, 8212,  524, 618,  498, 616,  498, 1776,  524, 612,  498, 616,  498, 616,  498, 616,  498, 614,  498, 1776,  524, 616,  498, 616,  498, 1776,  522, 614,  524, 1752,  522, 616,  498, 618,  498, 616,  496, 616,  498, 616,  498, 590,  520, 594,  520, 592,  522, 592,  522, 590,  522, 592,  522, 592,  520, 594,  520, 592,  498, 616,  498, 616,  496, 618,  496, 616,  496, 618,  496, 618,  496, 1804,  494, 1804,  494, 618,  496, 620,  494, 620,  494, 616,  496, 618,  496, 618,  496, 618,  494, 618,  494, 620,  494, 620,  494, 620,  496, 618,  494, 620,  496, 620,  494, 620,  494, 618,  518, 596,  518, 596,  518, 596,  518, 594,  516, 618,  496, 618,  496, 618,  496, 1802,  496, 1804,  496, 618,  496, 1802,  496, 610,  496, 8236,  496, 618,  496, 618,  496, 618,  496, 616,  496, 618,  496, 618,  496, 618,  494, 618,  494, 1806,  494, 1806,  492, 620,  492, 620,  492, 622,  492, 622,  490, 622,  492, 626,  488, 626,  488, 626,  488, 626,  488, 624,  488, 626,  488, 626,  488, 626,  488, 624,  488, 626,  488, 626,  488, 626,  488, 624,  488, 626,  486, 628,  488, 626,  486, 648,  464, 642,  472, 626,  486, 650,  464, 648,  464, 650,  464, 650,  464, 648,  466, 648,  464, 650,  464, 652,  464, 650,  464, 648,  464, 650,  464, 650,  464, 650,  464, 648,  464, 1836,  462, 1838,  464, 650,  464, 648,  464, 650,  464, 650,  464, 650,  464, 642,  464};  // KELON168
uint8_t state[21] = {0x83, 0x06, 0x0B, 0x72, 0x00, 0x00, 0x04, 0x29, 0x00, 0x00, 0x0C, 0x00, 0x00, 0x58, 0x00, 0x03, 0x00, 0x00, 0x00, 0x00, 0x03};

TEMP 25 MODE COOL FAN AUTO 04:42 SLEEP OFF
Protocol  : KELON168
Code      : 0x830600720000042A00000C00005000030000000003 (168 Bits)
uint16_t rawData[343] = {9128, 4616,  524, 1778,  522, 1778,  522, 616,  498, 614,  498, 616,  498, 616,  496, 618,  498, 1774,  524, 616,  496, 1776,  524, 1776,  524, 614,  496, 618,  498, 618,  498, 614,  498, 616,  498, 616,  498, 616,  498, 616,  498, 614,  498, 616,  498, 616,  498, 616,  498, 614,  498, 616,  498, 1778,  522, 618,  496, 616,  496, 1778,  524, 1776,  526, 1774,  526, 614,  498, 618,  498, 616,  498, 616,  498, 616,  496, 618,  498, 616,  498, 616,  498, 614,  498, 616,  498, 616,  500, 616,  498, 614,  498, 616,  498, 616,  498, 616,  498, 608,  498, 8212,  526, 616,  522, 592,  498, 1778,  522, 614,  496, 618,  498, 616,  498, 616,  496, 614,  498, 616,  498, 1778,  522, 616,  498, 1774,  522, 618,  496, 1778,  522, 618,  496, 620,  496, 618,  496, 594,  520, 594,  518, 592,  522, 594,  520, 592,  522, 594,  520, 590,  522, 592,  522, 592,  522, 592,  522, 590,  522, 592,  522, 592,  520, 594,  520, 592,  522, 592,  522, 592,  496, 1804,  496, 1802,  496, 618,  496, 618,  496, 618,  494, 618,  494, 618,  496, 618,  496, 618,  496, 616,  494, 620,  494, 620,  494, 618,  496, 618,  518, 596,  518, 596,  518, 596,  520, 592,  518, 598,  516, 596,  494, 620,  494, 618,  518, 598,  494, 620,  518, 596,  518, 592,  520, 1782,  518, 596,  516, 1784,  518, 588,  516, 8238,  498, 618,  498, 616,  496, 618,  496, 616,  496, 618,  496, 618,  498, 616,  498, 616,  496, 1806,  496, 1804,  494, 620,  496, 616,  494, 620,  494, 620,  494, 620,  494, 622,  494, 620,  494, 620,  492, 622,  492, 620,  492, 622,  492, 622,  492, 622,  492, 622,  490, 626,  488, 624,  490, 624,  490, 622,  490, 624,  490, 624,  490, 624,  490, 622,  490, 626,  488, 626,  490, 624,  490, 622,  490, 624,  490, 624,  488, 626,  488, 624,  488, 626,  488, 626,  488, 626,  488, 624,  488, 626,  488, 626,  486, 626,  488, 646,  464, 1836,  464, 1838,  464, 650,  464, 646,  464, 650,  464, 650,  464, 650,  464, 642,  464};  // KELON168
uint8_t state[21] = {0x83, 0x06, 0x00, 0x72, 0x00, 0x00, 0x04, 0x2A, 0x00, 0x00, 0x0C, 0x00, 0x00, 0x50, 0x00, 0x03, 0x00, 0x00, 0x00, 0x00, 0x03};
