---- on/off



Protocol  : SONY
Code      : 0xA90 (12 Bits)
uint16_t rawData[77] = {2392, 618,  1170, 626,  570, 626,  1170, 626,  570, 626,  1170, 624,  570, 626,  570, 626,  1170, 626,  572, 626,  570, 626,  570, 626,  572, 25782,  2390, 618,  1170, 624,  572, 624,  1170, 624,  572, 626,  1170, 624,  572, 624,  572, 624,  1170, 624,  572, 624,  572, 626,  570, 626,  572, 25780,  2392, 618,  1170, 626,  570, 624,  1170, 624,  572, 626,  1170, 626,  572, 624,  572, 626,  1170, 624,  572, 624,  572, 626,  572, 624,  572};  // SONY A90
uint32_t address = 0x1;
uint32_t command = 0x15;
uint64_t data = 0xA90;


Protocol  : SONY
Code      : 0xA90 (12 Bits)
uint16_t rawData[129] = {2390, 622,  1170, 626,  570, 626,  1170, 624,  572, 624,  1172, 624,  572, 624,  572, 624,  1170, 626,  572, 624,  572, 626,  572, 624,  572, 25778,  2394, 616,  1170, 624,  572, 624,  1170, 624,  572, 624,  1172, 624,  570, 626,  572, 624,  1172, 624,  572, 624,  572, 624,  572, 624,  572, 25780,  2392, 616,  1172, 624,  572, 624,  1170, 626,  572, 624,  1170, 626,  572, 624,  572, 624,  1172, 624,  572, 624,  572, 624,  572, 624,  572, 25778,  2394, 616,  1170, 624,  572, 626,  1170, 626,  572, 626,  1170, 624,  572, 624,  572, 624,  1170, 624,  572, 626,  572, 624,  570, 626,  572, 25780,  2392, 616,  1172, 624,  574, 624,  1170, 624,  572, 624,  1170, 624,  572, 624,  572, 624,  1196, 600,  580, 616,  574, 624,  572, 626,  594};  // SONY A90
uint32_t address = 0x1;
uint32_t command = 0x15;
uint64_t data = 0xA90;


--- bajar volumen

Protocol  : SONY
Code      : 0xC90 (12 Bits)
uint16_t rawData[77] = {2396, 594,  1200, 596,  1170, 626,  600, 596,  600, 596,  1198, 598,  572, 624,  598, 598,  1170, 626,  600, 598,  598, 598,  600, 596,  598, 25780,  2394, 592,  1196, 598,  1198, 596,  600, 598,  598, 600,  1194, 600,  600, 598,  598, 600,  1198, 598,  598, 600,  598, 598,  598, 598,  596, 25778,  2398, 590,  1196, 600,  1200, 596,  598, 600,  596, 600,  1198, 598,  600, 598,  596, 598,  1172, 624,  600, 598,  596, 600,  574, 624,  596};  // SONY C90
uint32_t address = 0x1;
uint32_t command = 0x13;
uint64_t data = 0xC90;

--- subir volumen


Protocol  : SONY
Code      : 0x490 (12 Bits)
uint16_t rawData[129] = {2394, 620,  572, 624,  1170, 626,  572, 624,  572, 626,  1170, 626,  572, 624,  572, 624,  1170, 626,  570, 624,  572, 624,  572, 624,  572, 26372,  2392, 616,  572, 624,  1170, 624,  572, 626,  572, 624,  1170, 624,  572, 626,  572, 624,  1172, 624,  572, 626,  572, 624,  572, 626,  572, 26370,  2392, 618,  570, 626,  1170, 626,  570, 626,  572, 624,  1170, 626,  570, 626,  570, 626,  1170, 626,  570, 626,  570, 628,  568, 628,  568, 26370,  2394, 618,  570, 626,  1170, 626,  570, 626,  570, 628,  1168, 626,  570, 628,  570, 626,  1168, 628,  570, 626,  570, 626,  570, 626,  570, 26370,  2394, 618,  570, 626,  1168, 626,  570, 626,  570, 626,  1170, 626,  570, 626,  570, 626,  1168, 626,  570, 626,  570, 626,  570, 626,  570};  // SONY 490
uint32_t address = 0x1;
uint32_t command = 0x12;
uint64_t data = 0x490;
