Timestamp : 000034.784
Library   : v2.8.4

Protocol  : GREE
Code      : 0x0C0A605000400040 (64 Bits)
Mesg Desc.: Model: 1 (YAW1F), Power: On, Mode: 4 (Heat), Temp: 26C, Fan: 0 (Auto), Turbo: Off, Econo: Off, IFeel: Off, WiFi: On, XFan: Off, Light: On, Sleep: Off, Swing(V) Mode: Manual, Swing(V): 0 (Last), Swing(H): 0 (Off), Timer: Off, Display Temp: 0 (Off)
uint16_t rawData[139] = {9018, 4484,  658, 576,  630, 576,  628, 1650,  656, 1650,  658, 576,  630, 576,  630, 576,  630, 574,  630, 576,  630, 1648,  658, 574,  630, 1650,  658, 574,  632, 574,  630, 574,  630, 576,  630, 576,  630, 574,  630, 576,  654, 550,  630, 574,  630, 1652,  656, 1650,  656, 576,  630, 574,  630, 576,  630, 576,  652, 528,  678, 1624,  656, 552,  654, 1650,  656, 550,  656, 550,  656, 1650,  656, 550,  656, 19984,  680, 526,  656, 550,  656, 550,  656, 550,  656, 548,  656, 550,  656, 550,  656, 550,  680, 524,  656, 548,  656, 550,  680, 526,  656, 550,  680, 524,  656, 1652,  656, 550,  654, 550,  656, 550,  656, 550,  680, 526,  656, 548,  656, 550,  656, 550,  656, 550,  656, 550,  654, 550,  656, 550,  656, 548,  658, 550,  656, 548,  656, 1652,  656, 552,  656};  // GREE
uint8_t state[8] = {0x0C, 0x0A, 0x60, 0x50, 0x00, 0x40, 0x00, 0x40};


Timestamp : 000079.860
Library   : v2.8.4

Protocol  : GREE
Code      : 0x0C09605000400030 (64 Bits)
Mesg Desc.: Model: 1 (YAW1F), Power: On, Mode: 4 (Heat), Temp: 25C, Fan: 0 (Auto), Turbo: Off, Econo: Off, IFeel: Off, WiFi: On, XFan: Off, Light: On, Sleep: Off, Swing(V) Mode: Manual, Swing(V): 0 (Last), Swing(H): 0 (Off), Timer: Off, Display Temp: 0 (Off)
uint16_t rawData[139] = {9016, 4484,  680, 552,  628, 578,  628, 1652,  666, 1640,  658, 576,  652, 552,  630, 576,  628, 578,  628, 1652,  656, 578,  628, 578,  628, 1650,  678, 554,  652, 554,  628, 576,  630, 576,  628, 578,  630, 576,  652, 552,  630, 576,  630, 576,  652, 1628,  654, 1654,  654, 576,  652, 552,  630, 576,  628, 578,  628, 578,  628, 1650,  656, 576,  654, 1626,  656, 576,  628, 576,  652, 1630,  654, 576,  628, 19982,  680, 554,  628, 576,  628, 578,  654, 554,  628, 576,  628, 578,  652, 554,  652, 552,  652, 552,  630, 574,  638, 568,  652, 554,  628, 578,  652, 554,  628, 1652,  656, 576,  628, 578,  628, 578,  628, 580,  650, 552,  628, 578,  628, 578,  628, 578,  628, 576,  630, 576,  628, 578,  628, 578,  628, 578,  628, 1652,  654, 1652,  656, 576,  628, 578,  628};  // GREE
uint8_t state[8] = {0x0C, 0x09, 0x60, 0x50, 0x00, 0x40, 0x00, 0x30};


Timestamp : 000099.372
Library   : v2.8.4

Protocol  : GREE
Code      : 0x4C09605001400030 (64 Bits)
Mesg Desc.: Model: 1 (YAW1F), Power: On, Mode: 4 (Heat), Temp: 25C, Fan: 0 (Auto), Turbo: Off, Econo: Off, IFeel: Off, WiFi: On, XFan: Off, Light: On, Sleep: Off, Swing(V) Mode: Auto, Swing(V): 1 (Auto), Swing(H): 0 (Off), Timer: Off, Display Temp: 0 (Off)
uint16_t rawData[139] = {9044, 4460,  680, 552,  628, 576,  652, 1630,  654, 1654,  678, 552,  628, 576,  628, 1652,  656, 578,  628, 1652,  680, 552,  630, 576,  652, 1628,  682, 550,  630, 576,  628, 578,  626, 578,  650, 554,  628, 578,  628, 576,  630, 576,  630, 576,  654, 1626,  678, 1630,  656, 576,  650, 554,  630, 576,  630, 576,  628, 578,  630, 1652,  654, 578,  628, 1652,  654, 578,  628, 578,  628, 1652,  654, 576,  628, 19988,  654, 1652,  654, 578,  628, 576,  630, 576,  628, 578,  630, 576,  630, 576,  630, 576,  630, 576,  630, 576,  630, 576,  628, 576,  632, 574,  632, 574,  630, 1652,  656, 574,  632, 574,  632, 574,  630, 574,  656, 550,  656, 550,  632, 574,  656, 550,  658, 548,  632, 574,  656, 548,  632, 574,  656, 550,  656, 1626,  682, 1624,  682, 550,  656, 526,  678};  // GREE
uint8_t state[8] = {0x4C, 0x09, 0x60, 0x50, 0x01, 0x40, 0x00, 0x30};






// televisor alan dormitorio - protocolo RC5


0xC, POWER
0x10, VOLUME_UP
0x11, VOLUME_DOWN
0x20, CHANNEL_UP
0x21, CHANNEL_DOWN

//aire Sanyo palan newsan POWER

Timestamp : 000253.638
Library   : v2.8.4

Protocol  : KELON168
Code      : 0x830604A0000097270000000000140016000008001E (168 Bits)
uint16_t rawData[683] = {8988, 4038,  550, 1636,  606, 1608,  578, 606,  606, 606,  548, 636,  630, 582,  576, 610,  606, 1608,  574, 610,  608, 1610,  550, 1638,  606, 606,  550, 636,  608, 604,  576, 610,  608, 606,  602, 586,  604, 604,  608, 1584,  606, 606,  606, 582,  604, 606,  606, 584,  602, 606,  606, 586,  600, 606,  606, 606,  576, 610,  606, 606,  552, 1640,  604, 606,  574, 1614,  604, 606,  550, 636,  606, 606,  576, 610,  606, 606,  600, 586,  604, 606,  606, 584,  602, 606,  606, 584,  602, 608,  604, 588,  598, 606,  606, 606,  576, 610,  606, 604,  574, 8024,  600, 1590,  604, 1610,  574, 1614,  606, 606,  574, 1614,  606, 608,  548, 636,  606, 1608,  550, 1640,  604, 1608,  578, 1610,  604, 606,  580, 608,  604, 1610,  580, 606,  606, 608,  574, 610,  604, 606,  574, 612,  606, 606,  574, 610,  606, 606,  600, 588,  604, 606,  632, 558,  628, 580,  632, 560,  624, 582,  606, 606,  576, 610,  604, 608,  572, 612,  606, 606,  574, 612,  602, 610,  574, 612,  602, 610,  600, 588,  600, 610,  602, 588,  596, 610,  602, 610,  576, 610,  602, 610,  572, 612,  602, 610,  574, 612,  602, 610,  572, 614,  600, 612,  598, 590,  598, 614,  600, 590,  596, 612,  600, 610,  574, 616,  596, 612,  574, 616,  596, 1614,  574, 636,  576, 1614,  574, 634,  576, 618,  568, 636,  576, 8018,  576, 636,  572, 614,  574, 638,  574, 612,  572, 640,  572, 616,  570, 640,  572, 620,  564, 640,  570, 1644,  542, 1644,  568, 642,  542, 1646,  568, 644,  542, 644,  568, 644,  540, 644,  568, 644,  542, 642,  568, 644,  542, 644,  568, 644,  566, 620,  568, 644,  566, 620,  566, 644,  566, 644,  542, 644,  568, 644,  542, 644,  568, 644,  542, 644,  568, 644,  542, 644,  568, 646,  564, 1622,  568, 644,  540, 644,  568, 644,  566, 622,  566, 646,  566, 644,  542, 646,  566, 644,  542, 644,  566, 646,  542, 646,  566, 646,  540, 670,  542, 1648,  540, 1670,  544, 1646,  542, 1670,  542, 644,  542, 668,  544, 646,  540, 47560,  8954, 4044,  568, 644,  542, 644,  568, 1644,  542, 1644,  568, 642,  542, 642,  570, 1644,  544, 642,  568, 642,  542, 1646,  568, 644,  542, 1644,  568, 642,  544, 642,  568, 644,  542, 644,  568, 644,  542, 644,  568, 644,  542, 644,  568, 646,  566, 1620,  570, 1646,  544, 642,  568, 644,  566, 620,  568, 644,  568, 618,  566, 1644,  568, 618,  566, 1644,  568, 618,  566, 644,  568, 1620,  566, 644,  568, 20018,  568, 1620,  566, 644,  568, 644,  542, 642,  568, 644,  542, 644,  568, 644,  542, 642,  568, 644,  542, 644,  568, 644,  566, 620,  566, 644,  568, 1620,  568, 644,  568, 618,  568, 644,  570, 620,  564, 644,  568, 644,  542, 644,  568, 644,  542, 644,  568, 644,  542, 644,  568, 646,  542, 644,  568, 644,  568, 620,  566, 1646,  566, 620,  568, 642,  568, 46420,  3972, 4046,  570, 1644,  544, 642,  570, 1644,  544, 1644,  568, 642,  544, 642,  568, 1646,  542, 644,  570, 642,  542, 1644,  570, 644,  542, 644,  568, 1646,  542, 1644,  570, 644,  542, 1646,  568, 1646,  542, 644,  570, 1622,  564, 1646,  568, 1620,  568, 1646,  568, 1620,  568, 1646,  542, 642,  568, 1648,  542, 644,  568, 644,  542, 644,  568, 644,  568, 618,  568, 644,  568, 1618,  568, 1644,  566, 620,  568, 1646,  568, 1620,  568, 1646,  542, 644,  568, 644,  542, 644,  568, 644,  566, 1620,  568, 644,  566, 620,  568, 644,  568, 1620,  568, 1646,  566, 4048,  3996, 4048,  566, 1622,  568, 644,  566, 1622,  566, 1648,  540, 646,  566, 646,  564, 1622,  566, 670,  542, 644,  544, 1670,  542, 644,  544, 670,  542, 1646,  544, 1670,  542, 644,  544, 1670,  540, 1646,  544, 668,  540, 1648,  544, 1670,  516, 1672,  542, 1648,  540, 1672,  542, 1646,  542, 670,  544, 1646,  542, 670,  544, 644,  542, 670,  542, 670,  516, 670,  544, 670,  516, 1672,  542, 1672,  518, 668,  542, 1670,  516, 1672,  542, 1646,  540, 670,  542, 646,  538, 670,  538, 672,  492, 1696,  540, 672,  490, 696,  516, 696,  514, 1672,  516, 1696,  490};  // KELON168
uint8_t state[21] = {0x83, 0x06, 0x04, 0xA0, 0x00, 0x00, 0x97, 0x27, 0x00, 0x00, 0x00, 0x00, 0x00, 0x14, 0x00, 0x16, 0x00, 0x00, 0x08, 0x00, 0x1E};


//aire Sanyo palan newsan 27 grados, calor, ventilador auto, swing completo, lamparita

Timestamp : 000371.641
Library   : v2.8.4

Protocol  : KELON168
Code      : 0x830600B00000972900000000000E0002000008000A (168 Bits)
uint16_t rawData[343] = {8998, 4046,  578, 1614,  606, 1610,  576, 612,  606, 608,  576, 612,  604, 608,  606, 582,  604, 1612,  602, 588,  604, 1608,  602, 1588,  606, 608,  578, 610,  606, 606,  608, 584,  604, 606,  608, 604,  556, 634,  606, 588,  596, 610,  608, 608,  556, 632,  606, 606,  574, 612,  606, 606,  574, 612,  608, 608,  602, 588,  606, 1608,  602, 1588,  608, 606,  602, 1588,  608, 604,  576, 612,  604, 608,  604, 584,  602, 608,  606, 584,  602, 606,  606, 606,  578, 608,  606, 608,  550, 636,  604, 606,  574, 612,  608, 606,  574, 614,  604, 608,  600, 8000,  604, 1588,  602, 1610,  602, 1588,  604, 608,  600, 1590,  606, 610,  574, 614,  602, 1612,  572, 1614,  602, 612,  574, 612,  600, 1614,  574, 614,  602, 1614,  598, 588,  602, 612,  598, 590,  602, 610,  602, 588,  598, 612,  602, 610,  576, 610,  602, 610,  574, 612,  600, 614,  572, 614,  600, 614,  572, 614,  598, 614,  574, 614,  600, 614,  598, 590,  596, 614,  598, 592,  594, 614,  598, 612,  574, 614,  598, 614,  572, 616,  596, 616,  568, 618,  596, 636,  548, 638,  574, 638,  572, 614,  574, 638,  574, 612,  572, 638,  574, 614,  572, 638,  574, 616,  570, 640,  574, 638,  546, 640,  572, 640,  546, 642,  572, 640,  544, 1644,  572, 1644,  544, 1644,  570, 642,  544, 644,  568, 644,  542, 644,  568, 8032,  566, 644,  568, 622,  564, 644,  568, 644,  542, 644,  568, 644,  542, 644,  568, 644,  542, 644,  568, 1646,  542, 644,  568, 644,  542, 644,  568, 644,  566, 620,  566, 644,  568, 620,  566, 644,  568, 644,  542, 644,  568, 644,  542, 644,  568, 644,  542, 644,  568, 646,  540, 644,  568, 644,  542, 644,  568, 644,  568, 620,  566, 644,  568, 644,  540, 646,  568, 644,  542, 646,  566, 1646,  542, 644,  568, 644,  540, 646,  568, 644,  540, 646,  566, 646,  542, 644,  566, 644,  566, 620,  566, 646,  566, 644,  540, 648,  566, 644,  542, 1646,  566, 644,  542, 1648,  566, 644,  542, 646,  566, 644,  542, 646,  566};  // KELON168
uint8_t state[21] = {0x83, 0x06, 0x00, 0xB0, 0x00, 0x00, 0x97, 0x29, 0x00, 0x00, 0x00, 0x00, 0x00, 0x0E, 0x00, 0x02, 0x00, 0x00, 0x08, 0x00, 0x0A};


Timestamp : 000372.016
Library   : v2.8.4

Protocol  : UNKNOWN
Code      : 0x319383C2 (170 Bits)
uint16_t rawData[339] = {8960, 4050,  568, 644,  542, 644,  568, 1646,  542, 1646,  568, 644,  542, 644,  568, 1648,  542, 644,  568, 1646,  542, 1648,  568, 644,  542, 1648,  568, 644,  542, 644,  568, 644,  542, 644,  568, 644,  542, 644,  568, 646,  542, 644,  568, 646,  568, 1622,  568, 1646,  542, 644,  568, 644,  568, 620,  566, 644,  568, 622,  564, 1648,  568, 622,  564, 1648,  568, 620,  566, 644,  568, 1622,  566, 644,  568, 20038,  568, 1646,  542, 644,  568, 646,  540, 644,  568, 646,  542, 644,  568, 646,  542, 644,  568, 644,  542, 646,  568, 644,  566, 620,  568, 644,  568, 1622,  568, 644,  568, 620,  566, 646,  568, 644,  542, 644,  568, 644,  542, 646,  568, 646,  542, 644,  568, 646,  542, 644,  568, 646,  542, 644,  568, 644,  566, 1622,  568, 1646,  542, 644,  568, 644,  568, 54670,  3974, 4052,  566, 1648,  568, 620,  566, 1646,  570, 1620,  568, 644,  570, 620,  568, 1646,  568, 620,  568, 644,  570, 1622,  566, 644,  568, 642,  542, 1646,  568, 1622,  568, 644,  570, 1622,  568, 1648,  544, 644,  568, 1648,  544, 1644,  570, 1648,  542, 1648,  570, 1646,  542, 1648,  568, 646,  542, 1648,  570, 644,  542, 644,  568, 644,  542, 644,  568, 644,  542, 644,  568, 1648,  542, 644,  568, 644,  544, 1646,  568, 1648,  542, 1648,  568, 644,  542, 644,  568, 644,  542, 1648,  568, 1648,  544, 644,  568, 644,  542, 644,  570, 1648,  542, 1648,  568, 4076,  3974, 4050,  568, 1648,  542, 646,  568, 1648,  540, 1648,  568, 646,  540, 646,  568, 1648,  542, 646,  568, 644,  542, 1648,  566, 646,  540, 646,  568, 1648,  540, 1648,  568, 644,  542, 1648,  568, 1650,  542, 646,  568, 1648,  542, 1650,  566, 1648,  542, 1648,  568, 1624,  566, 1650,  542, 646,  566, 1650,  540, 646,  566, 670,  544, 644,  542, 670,  542, 646,  542, 670,  542, 1648,  542, 670,  544, 644,  542, 1672,  544, 1646,  542, 1672,  542, 644,  542, 670,  544, 644,  542, 1672,  544, 1646,  542, 670,  544, 644,  542, 670,  542, 1648,  542, 1672,  542};  // UNKNOWN 319383C2


//aire Sanyo palan newsan ?? grados, calor, ventilador auto, swing completo, lamparita

Protocol  : KELON168
Code      : 0x83060080000097360000000000210002000008000A (168 Bits)
uint16_t rawData[683] = {9000, 4016,  602, 1608,  606, 1588,  602, 606,  606, 588,  600, 608,  606, 588,  598, 608,  606, 1608,  580, 610,  606, 1588,  602, 1610,  606, 606,  578, 610,  604, 608,  576, 610,  632, 582,  574, 614,  606, 604,  576, 612,  606, 606,  602, 586,  604, 606,  608, 584,  602, 608,  604, 588,  600, 606,  606, 608,  580, 606,  606, 608,  550, 636,  606, 608,  574, 1618,  606, 606,  572, 614,  606, 608,  574, 612,  606, 608,  602, 586,  604, 606,  606, 586,  600, 608,  606, 588,  600, 606,  606, 606,  580, 608,  606, 608,  574, 612,  606, 608,  574, 8032,  602, 1588,  606, 1610,  574, 1614,  606, 606,  576, 1614,  606, 608,  574, 612,  604, 1610,  574, 612,  606, 1610,  574, 1616,  606, 606,  576, 1614,  608, 1608,  578, 608,  608, 606,  574, 612,  606, 606,  574, 612,  606, 606,  598, 588,  606, 608,  602, 586,  604, 606,  606, 586,  600, 608,  606, 606,  580, 608,  606, 608,  576, 612,  604, 610,  574, 612,  604, 608,  574, 614,  602, 610,  600, 588,  602, 612,  602, 588,  598, 610,  602, 590,  596, 612,  602, 610,  576, 612,  602, 610,  572, 614,  602, 610,  574, 614,  600, 612,  572, 614,  602, 612,  600, 590,  598, 612,  600, 592,  596, 614,  598, 612,  574, 616,  598, 1614,  576, 614,  598, 614,  572, 618,  596, 636,  548, 1640,  576, 638,  550, 638,  576, 8028,  576, 638,  572, 614,  574, 640,  574, 614,  572, 640,  572, 618,  568, 642,  572, 642,  544, 642,  570, 1646,  542, 644,  570, 642,  544, 644,  568, 644,  542, 644,  568, 644,  542, 644,  568, 644,  568, 618,  568, 644,  568, 644,  544, 644,  570, 644,  542, 644,  568, 644,  542, 646,  568, 646,  540, 646,  568, 644,  542, 644,  568, 644,  568, 620,  568, 646,  568, 644,  542, 646,  568, 1624,  566, 646,  568, 644,  542, 646,  568, 644,  542, 646,  566, 644,  542, 646,  568, 646,  542, 646,  566, 646,  564, 622,  568, 646,  566, 644,  542, 1650,  566, 644,  542, 1672,  542, 644,  544, 670,  544, 642,  542, 670,  544, 53586,  8984, 4046,  568, 620,  566, 644,  568, 1622,  566, 1646,  568, 620,  568, 644,  568, 1620,  568, 642,  570, 620,  566, 644,  568, 642,  542, 1646,  568, 644,  542, 644,  568, 644,  542, 644,  570, 642,  542, 644,  568, 644,  542, 644,  568, 644,  544, 1644,  568, 1646,  542, 644,  568, 644,  542, 644,  568, 644,  568, 620,  568, 1646,  568, 618,  568, 1646,  568, 618,  568, 644,  568, 1620,  568, 644,  568, 20032,  568, 1622,  568, 644,  568, 644,  544, 644,  568, 644,  544, 644,  568, 644,  544, 644,  570, 644,  544, 644,  568, 644,  542, 644,  570, 644,  566, 1622,  568, 644,  566, 622,  568, 644,  568, 620,  568, 642,  568, 644,  544, 642,  570, 644,  542, 644,  568, 644,  544, 644,  568, 644,  542, 644,  568, 646,  544, 640,  568, 644,  568, 620,  566, 644,  568, 48420,  4000, 4044,  570, 1622,  566, 644,  570, 1622,  566, 1646,  570, 620,  566, 644,  570, 1622,  566, 644,  568, 644,  542, 1646,  568, 644,  544, 644,  568, 1646,  544, 1644,  568, 644,  542, 1646,  568, 1622,  566, 644,  568, 1622,  566, 1646,  568, 1622,  568, 1646,  544, 1646,  568, 1648,  542, 644,  568, 1648,  542, 644,  570, 644,  542, 644,  568, 644,  542, 644,  568, 644,  568, 620,  568, 1648,  568, 618,  568, 644,  570, 1620,  568, 1646,  568, 620,  568, 644,  568, 1622,  568, 644,  568, 1622,  568, 1646,  542, 644,  568, 644,  568, 1620,  568, 1648,  542, 4072,  3972, 4074,  566, 1622,  568, 644,  566, 1622,  568, 1648,  540, 646,  568, 646,  540, 1648,  566, 646,  566, 620,  568, 1672,  516, 646,  566, 646,  564, 1646,  542, 1672,  516, 646,  566, 1672,  516, 1672,  544, 670,  516, 1672,  542, 1648,  540, 1672,  542, 1648,  542, 1670,  542, 1646,  542, 670,  542, 1646,  542, 670,  544, 642,  542, 672,  542, 644,  540, 670,  542, 670,  516, 668,  544, 1670,  516, 668,  542, 670,  516, 1670,  542, 1670,  518, 668,  542, 672,  516, 1672,  542, 670,  516, 1672,  542, 1672,  492, 696,  518, 694,  490, 1698,  518, 1696,  492};  // KELON168
uint8_t state[21] = {0x83, 0x06, 0x00, 0x80, 0x00, 0x00, 0x97, 0x36, 0x00, 0x00, 0x00, 0x00, 0x00, 0x21, 0x00, 0x02, 0x00, 0x00, 0x08, 0x00, 0x0A};

lo importante es el state



