// bajar volumen

Protocol  : NIKAI
Code      : 0xD1F2E (24 Bits)
uint16_t rawData[101] = {4066, 3930,  502, 1994,  476, 2022,  504, 1994,  502, 1996,  476, 1020,  480, 1018,  502, 1998,  476, 1020,  478, 2020,  478, 2020,  476, 2022,  476, 1022,  476, 1022,  476, 1022,  478, 1020,  478, 1020,  476, 2022,  476, 2020,  476, 1024,  476, 2022,  496, 1000,  498, 1000,  498, 1000,  498, 2000,  498, 8242,  3952, 4038,  462, 2038,  462, 2038,  456, 2042,  456, 2042,  452, 1046,  452, 1048,  448, 2054,  442, 1106,  392, 2116,  380, 2118,  380, 2142,  356, 1144,  352, 1170,  328, 1172,  324, 1198,  298, 1226,  272, 2250,  246, 2254,  244, 1278,  220, 2278,  220, 1304,  148, 1376,  104, 12606,  1378};  // NIKAI D1F2E
uint64_t data = 0xD1F2E;

Protocol  : NIKAI
Code      : 0xD1F2E (24 Bits)
uint16_t rawData[105] = {4072, 3924,  572, 1924,  574, 1926,  572, 1924,  574, 1924,  572, 924,  576, 922,  576, 1924,  574, 924,  574, 1924,  572, 1924,  574, 1924,  572, 924,  574, 924,  574, 924,  572, 926,  570, 928,  570, 1928,  536, 1960,  534, 964,  536, 1964,  530, 966,  532, 966,  534, 966,  532, 1966,  530, 8164,  4034, 3962,  536, 1962,  536, 1962,  534, 1966,  528, 1968,  528, 970,  528, 970,  526, 1972,  522, 976,  504, 1992,  524, 1976,  520, 2028,  468, 1060,  438, 1060,  412, 1088,  410, 1112,  384, 1116,  382, 2116,  380, 2118,  380, 1144,  354, 2142,  356, 1170,  330, 1196,  302, 1196,  276, 2194,  302, 8304,  1006};  // NIKAI D1F2E
uint64_t data = 0xD1F2E;

Protocol  : NIKAI
Code      : 0xD1F2E (24 Bits)
uint16_t rawData[103] = {3898, 4054,  444, 2002,  496, 2054,  444, 2052,  446, 2054,  442, 1054,  444, 1004,  496, 2052,  444, 1002,  496, 2052,  446, 2050,  448, 2048,  448, 1004,  496, 1050,  448, 1004,  496, 1048,  452, 1000,  496, 2044,  454, 2042,  456, 1044,  456, 2038,  458, 1000,  498, 1040,  458, 1042,  458, 2038,  460, 8236,  3986, 3970,  500, 1998,  496, 2002,  494, 2004,  492, 2004,  490, 1054,  444, 1058,  440, 2108,  388, 1118,  380, 2142,  354, 2144,  354, 2144,  352, 1170,  326, 1196,  300, 1198,  300, 1224,  272, 1226,  272, 2252,  244, 2254,  244, 1278,  220, 2278,  220, 1304,  190, 1310,  146, 1376,  102, 11054,  1264};  // NIKAI D1F2E
uint64_t data = 0xD1F2E;


// subir volumen

Protocol  : NIKAI
Code      : 0xD0F2F (24 Bits)
uint16_t rawData[105] = {3992, 4002,  498, 2000,  498, 2002,  522, 1974,  524, 1974,  524, 972,  530, 968,  530, 1970,  562, 934,  566, 1934,  570, 1928,  570, 1928,  568, 1928,  572, 926,  570, 928,  596, 902,  596, 904,  570, 1928,  570, 1928,  568, 928,  568, 1930,  564, 934,  566, 932,  564, 934,  536, 962,  532, 8166,  4020, 3974,  524, 1974,  520, 1978,  516, 1980,  494, 2006,  490, 1090,  408, 1092,  406, 2060,  436, 1118,  380, 2092,  406, 2092,  404, 2118,  380, 2118,  378, 1146,  354, 1146,  352, 1170,  328, 1172,  326, 2170,  326, 2172,  300, 1226,  274, 2224,  274, 1226,  272, 1252,  246, 1252,  246, 1278,  236, 8344,  3716};  // NIKAI D0F2F
uint64_t data = 0xD0F2F;

Protocol  : NIKAI
Code      : 0xD0F2F (24 Bits)
uint16_t rawData[105] = {4018, 3974,  522, 1924,  574, 1924,  572, 1924,  574, 1924,  574, 922,  576, 922,  576, 1926,  572, 924,  574, 1926,  572, 1924,  574, 1924,  574, 1924,  572, 924,  576, 922,  574, 924,  576, 924,  572, 1926,  574, 1924,  574, 924,  574, 1924,  572, 924,  574, 924,  572, 926,  570, 928,  568, 8130,  4018, 3978,  520, 2058,  438, 2034,  438, 2088,  408, 2114,  382, 1118,  378, 1146,  352, 2144,  354, 1170,  328, 2146,  352, 2170,  328, 2170,  326, 2172,  326, 1198,  300, 1224,  274, 1224,  250, 1274,  224, 2248,  250, 2274,  224, 1300,  196, 2300,  196, 1328,  150, 1348,  150, 1374,  104, 1396,  102, 8478,  3032};  // NIKAI D0F2F
uint64_t data = 0xD0F2F;

Protocol  : NIKAI
Code      : 0xD0F2F (24 Bits)
uint16_t rawData[155] = {3992, 4002,  494, 2004,  496, 2002,  494, 2004,  492, 2004,  494, 1006,  492, 1008,  490, 2004,  494, 1008,  490, 2004,  494, 2004,  494, 2002,  496, 2004,  494, 1036,  462, 1034,  462, 1036,  464, 1036,  462, 2004,  494, 2004,  494, 1036,  462, 2004,  494, 1036,  462, 1036,  464, 1036,  464, 1034,  464, 8204,  3992, 4002,  494, 2002,  494, 2004,  494, 2002,  496, 2002,  494, 1008,  490, 1006,  492, 2004,  494, 1004,  494, 2002,  496, 2002,  494, 2004,  494, 2002,  494, 1004,  494, 1004,  494, 1004,  494, 1004,  494, 2006,  492, 2006,  470, 1028,  470, 2030,  468, 1030,  472, 1026,  494, 1004,  492, 1006,  492, 8088,  3990, 4004,  494, 2002,  492, 2006,  490, 2006,  492, 2006,  492, 1006,  492, 1006,  492, 2006,  478, 1020,  490, 2006,  492, 2006,  490, 2008,  490, 2008,  488, 1034,  464, 1034,  464, 1034,  462, 1036,  464, 2010,  488, 2010,  486, 1036,  464, 2010,  488, 1036,  462, 1034,  464, 1036,  464, 1034,  462};  // NIKAI D0F2F
uint64_t data = 0xD0F2F;




// on-off

Protocol  : NIKAI
Code      : 0xD5F2A (24 Bits)
uint16_t rawData[175] = {4016, 3974,  480, 2018,  450, 2046,  448, 2048,  426, 2076,  422, 1020,  530, 968,  532, 1968,  562, 934,  572, 1928,  570, 926,  574, 1928,  570, 924,  574, 924,  574, 924,  572, 926,  536, 962,  528, 1972,  524, 1974,  498, 998,  498, 2002,  496, 1002,  496, 2004,  494, 1002,  496, 2004,  494, 8210,  3968, 4028,  470, 2028,  470, 2026,  494, 2004,  470, 2026,  494, 1004,  478, 1020,  494, 2004,  494, 1004,  496, 2002,  494, 1004,  494, 2004,  494, 1006,  492, 1004,  494, 1004,  492, 1006,  492, 1006,  492, 2006,  492, 2006,  490, 1012,  488, 2006,  490, 1034,  462, 2008,  490, 1038,  460, 2008,  490, 8090,  3934, 4060,  466, 2032,  464, 2032,  466, 2032,  464, 2032,  464, 1170,  328, 1170,  328, 2032,  466, 1196,  302, 2032,  464, 1196,  302, 2082,  418, 1194,  304, 1194,  304, 1194,  304, 1194,  304, 1196,  302, 2142,  382, 2116,  382, 1144,  354, 2116,  380, 1144,  354, 2142,  354, 1146,  352, 2170,  302, 8276,  3822, 4250,  246, 2276,  222, 2276,  220, 2278,  220, 2302,  190, 1308,  188, 1336,  102, 2394,  102, 1398,  100};  // NIKAI D5F2A
uint64_t data = 0xD5F2A;


Protocol  : NIKAI
Code      : 0xD5F2A (24 Bits)
uint16_t rawData[145] = {3898, 4090,  412, 2084,  440, 2056,  442, 2012,  486, 2008,  488, 1008,  488, 1010,  488, 2010,  488, 1008,  490, 2006,  492, 968,  530, 1968,  530, 968,  530, 970,  526, 970,  502, 998,  524, 974,  526, 1972,  526, 1972,  504, 996,  524, 1974,  498, 1000,  524, 1974,  500, 998,  524, 1974,  524, 8174,  4018, 4016,  484, 2024,  472, 2030,  466, 2062,  408, 2114,  382, 1118,  380, 1144,  354, 2118,  378, 1146,  354, 2142,  356, 1170,  328, 2142,  356, 1196,  276, 1248,  252, 1274,  224, 41396,  132, 2278,  250, 2220,  278, 1274,  224, 1274,  224, 2196,  326, 1198,  302, 2168,  328, 1196,  302, 2170,  302, 1220,  276, 1222,  276, 1222,  276, 1224,  286, 1210,  300, 2198,  300, 2198,  300, 1222,  276, 2222,  276, 1222,  276, 2198,  300, 1198,  300, 2222,  276, 8356,  3720, 4302,  190, 2306,  192, 2306,  190, 2306,  192, 2308,  188, 1334,  146, 1378,  102};  // NIKAI D5F2A
uint64_t data = 0xD5F2A;






Protocol: NIKAI
0:D5F2A, 1:CEF31, 2:CDF32, 3:CCF33, 4:CBF34, 5:CAF35, 6:C9F36, 7:C8F37, 8:C7F38,
9:C6F39, 11:CFF30, 10:C5F3A, 12:A8F57, 15:F9F06, 13:F7F08, 14:A6F59, 17:BFF4,
20:A7F58, 16:A9F56, 18:A8F57, 21:2EFD1, 19:E5F1A, 38:D0F2F, 41:D1F2E, 39:5CFA3,
42:C0F3F, 43:D3F2C, 40:D2F2D, 22:FAF05, 23:FBF04, 24:C3F3C, 25:E1F1E, 34:FFF00,
35:17FE8, 36:1BFE4, 37:27FD8
